M = 1;
m1 = 0.5;
m2 = 0.3;

l1 = 0.5;
l2 = 0.3;

